200 500
94 14
17 6
43 1
96 6
33 15
54 13
82 1
99 6
43 5
60 20
46 13
78 12
69 17
65 17
49 15
21 7
74 16
83 2
60 14
70 11
27 5
63 14
13 6
17 7
88 1
53 13
57 12
81 4
27 5
27 8
51 11
29 17
72 3
87 15
43 11
77 17
72 10
75 9
72 14
22 4
97 8
72 1
96 5
96 19
89 19
94 19
13 19
56 20
87 9
39 17
31 9
37 3
74 20
82 5
30 3
59 7
66 14
34 5
77 16
79 13
95 18
98 1
63 13
77 16
99 13
56 12
23 17
85 13
44 4
48 6
30 20
59 8
11 17
46 13
29 6
48 3
18 17
76 4
20 20
17 19
71 11
21 20
73 9
41 8
16 2
35 19
27 9
36 4
77 20
41 2
66 7
87 1
17 19
58 12
36 1
39 3
31 12
49 2
67 6
73 15
71 1
17 2
83 19
26 3
17 13
18 16
81 3
54 18
76 10
75 3
45 18
59 15
76 1
87 12
57 17
81 18
68 5
92 19
33 19
100 19
26 16
22 1
86 17
63 14
100 15
46 14
25 1
86 19
20 10
18 4
27 19
26 16
55 3
31 12
51 11
25 2
53 12
26 15
58 14
78 20
64 4
74 15
69 17
59 16
50 7
43 10
63 7
73 15
38 15
89 11
23 9
14 18
28 16
56 12
82 14
71 14
18 2
46 7
69 10
70 13
22 11
62 11
83 6
86 13
64 15
49 18
21 17
44 11
63 15
63 16
94 5
14 20
44 20
76 13
77 15
84 14
84 20
54 6
32 8
61 17
83 14
30 8
69 20
100 19
88 19
27 12
86 2
77 14
49 4
84 18
15 1
84 4
61 2
61 19
69 5
66 8
49 7
27 3
87 15
69 4
