100 250
28 32
18 17
15 10
18 35
12 36
34 37
22 12
29 19
2 40
35 39
19 5
29 27
3 25
7 28
1 8
16 37
11 15
19 39
21 35
30 14
1 18
14 14
5 8
16 27
4 10
3 6
32 26
12 31
23 16
11 17
28 23
10 25
37 17
16 29
10 33
30 36
40 28
31 32
20 31
13 2
11 25
40 22
3 40
33 21
27 28
11 27
7 39
14 29
23 19
12 27
24 12
21 16
22 32
20 30
36 39
7 35
34 33
8 24
33 27
33 12
26 29
35 1
20 22
37 31
28 15
9 31
30 12
19 4
28 36
29 9
7 6
35 35
19 2
24 25
8 40
39 28
8 34
6 25
37 27
22 16
12 15
10 27
15 19
26 31
5 34
8 12
13 32
9 30
32 37
4 28
12 19
33 27
1 28
31 22
20 25
37 34
4 2
35 35
6 25
18 26
