850 1500
350 109
420 60
301 51
336 94
316 43
117 47
345 80
578 58
192 51
396 91
321 22
340 149
72 62
550 78
479 150
484 76
125 105
146 198
140 73
257 16
499 137
147 49
56 62
234 121
351 15
559 93
126 107
265 62
192 163
60 38
187 167
298 178
306 42
293 181
411 131
450 25
503 174
126 175
12 34
243 57
394 82
243 199
562 72
597 59
113 123
313 138
218 70
363 30
534 61
402 188
107 12
447 123
143 153
286 42
218 172
323 30
328 11
455 154
502 17
330 188
433 24
554 80
154 72
586 118
403 149
254 137
122 158
400 22
297 177
127 140
173 200
142 40
575 165
266 74
114 7
559 81
449 23
263 3
64 85
340 143
77 174
502 181
25 8
119 7
175 46
155 84
275 61
320 64
54 155
508 13
264 105
348 99
574 18
397 81
45 137
227 10
510 98
235 67
426 7
484 64
301 96
294 106
362 120
94 148
217 93
123 182
448 63
555 41
567 66
473 48
24 191
84 68
548 53
75 177
586 147
63 147
333 103
295 76
451 15
172 152
75 146
304 155
366 116
166 107
57 84
166 105
266 129
513 198
36 179
388 125
270 99
70 133
477 197
194 122
421 38
346 103
194 149
162 121
34 187
107 44
22 128
99 4
250 77
54 137
543 49
95 126
362 122
305 20
448 103
169 186
472 168
17 186
167 18
261 186
35 151
375 120
218 24
569 116
466 191
173 127
94 66
554 126
14 4
463 102
493 26
136 148
594 180
96 48
424 11
196 159
92 27
436 5
247 173
304 140
81 74
128 69
295 110
169 200
231 145
591 1
437 101
540 187
141 7
14 138
292 118
305 105
346 159
368 129
261 72
393 109
256 122
78 137
115 140
113 21
438 126
439 46
107 58
94 27
81 180
562 82
328 155
547 169
316 79
341 139
23 181
222 4
345 10
154 138
106 14
154 42
420 156
277 155
353 15
314 147
562 68
260 83
582 78
173 7
575 41
575 108
80 144
504 38
586 108
236 72
119 95
415 184
126 154
341 100
530 29
450 142
552 111
318 23
489 48
288 136
264 106
299 93
582 101
485 31
74 1
338 2
279 72
10 131
268 66
376 163
118 181
383 185
391 133
10 85
456 3
600 124
427 6
325 77
552 127
60 7
111 172
184 178
37 169
379 172
494 196
150 6
147 28
223 42
474 68
259 71
485 1
72 90
388 14
185 138
301 139
529 130
407 78
546 121
292 198
410 171
147 164
301 176
184 23
228 96
262 169
455 46
47 200
368 119
277 88
587 54
383 184
500 94
395 10
363 84
321 13
35 17
253 78
566 195
559 128
459 192
454 87
253 165
367 40
574 148
41 162
522 119
340 122
110 162
430 108
35 179
474 86
238 117
148 134
223 72
255 118
514 22
472 136
354 90
40 172
582 175
288 75
560 49
417 160
238 81
336 75
464 140
125 129
286 18
136 78
495 22
310 163
413 30
58 189
456 37
331 149
233 45
62 24
302 67
568 140
145 151
38 15
175 157
46 180
62 98
236 9
525 186
147 163
55 134
349 192
551 74
491 189
258 90
93 91
171 154
367 101
418 134
238 144
458 121
159 91
406 13
19 163
97 75
244 179
231 32
363 81
147 130
421 69
287 70
313 185
30 11
495 127
342 92
100 164
201 121
255 115
376 198
228 170
500 5
482 48
236 109
354 171
532 2
520 42
441 93
98 113
192 61
487 145
152 28
315 173
380 81
276 185
116 113
447 172
147 48
373 58
291 13
495 25
10 87
65 18
229 128
200 68
329 99
33 128
584 95
336 48
221 131
155 161
291 169
377 11
61 106
55 1
593 99
183 61
440 153
265 42
114 162
250 176
17 190
98 10
320 39
98 158
102 76
390 92
194 193
286 41
69 53
240 154
444 47
212 44
576 72
408 43
319 178
302 176
265 74
598 38
13 160
87 183
327 56
182 28
193 196
489 197
257 137
46 111
452 64
163 170
256 150
548 16
548 126
227 63
540 166
113 125
233 193
11 102
206 170
36 63
503 124
274 44
148 94
53 90
314 93
256 98
299 28
22 43
73 195
484 196
468 200
271 196
353 91
74 162
42 139
260 146
590 30
111 147
35 88
205 97
597 166
271 119
225 82
26 177
270 178
452 164
299 104
28 79
276 18
82 118
468 172
111 17
529 45
50 149
120 132
204 91
549 195
551 55
94 199
394 15
337 189
464 192
247 120
525 193
432 147
405 7
304 151
523 82
324 51
53 80
336 139
255 104
204 182
193 30
474 135
590 123
212 189
111 15
513 110
65 49
134 10
128 45
359 120
307 152
295 135
317 69
386 29
557 140
360 52
79 39
128 101
312 124
565 68
55 146
60 114
315 38
422 117
457 56
440 41
406 105
414 185
275 61
284 144
519 26
142 110
460 141
489 70
540 139
137 93
262 74
550 111
486 121
133 145
544 82
55 91
143 72
180 60
218 71
290 25
193 174
465 95
133 113
538 33
136 71
500 30
585 170
349 147
61 146
347 41
264 74
372 147
497 66
354 182
361 177
341 121
384 89
485 36
170 161
77 172
44 148
513 194
280 2
88 62
374 61
449 158
281 196
146 122
49 97
440 106
435 166
255 16
64 8
175 93
228 162
279 125
276 130
121 83
597 198
356 71
67 20
409 47
391 86
39 47
64 132
132 134
401 28
371 98
275 171
450 60
540 12
430 164
599 40
424 145
568 81
417 137
554 122
525 164
557 135
125 113
133 11
178 174
209 197
255 197
106 22
471 13
359 168
323 104
249 56
305 110
252 60
316 96
100 172
62 198
585 62
199 181
186 7
288 141
153 193
140 110
133 146
249 131
576 187
129 159
198 46
323 173
225 91
447 85
350 194
28 120
462 110
317 64
72 174
250 194
12 133
154 142
532 78
113 31
286 165
193 155
304 140
104 123
203 164
551 121
421 152
452 181
19 177
251 77
151 146
253 102
104 138
91 123
318 17
300 63
195 147
30 35
47 125
54 157
19 150
424 135
316 62
311 131
484 33
40 191
597 117
502 27
51 130
593 68
41 27
197 140
460 111
178 179
193 90
27 168
599 121
431 140
493 190
502 188
479 118
418 154
413 152
289 59
537 174
37 86
111 81
445 138
191 165
585 117
127 38
42 199
229 24
414 62
37 70
16 56
495 145
523 143
214 175
348 147
478 12
580 95
372 133
302 89
188 10
383 134
64 15
477 49
212 150
166 178
105 93
554 128
22 69
36 158
434 103
35 125
68 97
186 195
236 47
201 30
332 147
53 175
113 141
139 65
57 78
553 177
225 19
179 125
554 67
35 161
405 84
403 11
86 79
113 157
132 164
150 78
542 141
434 119
492 175
307 40
453 33
515 103
243 72
486 127
40 149
533 104
245 85
573 60
33 100
166 79
276 16
514 8
396 32
118 187
383 75
453 25
221 106
115 78
582 83
475 67
493 145
49 100
114 86
511 198
390 180
427 101
512 137
499 87
133 93
372 151
242 160
459 198
141 92
216 80
456 59
117 103
299 74
478 120
366 111
91 9
427 165
402 158
175 7
42 90
452 43
115 119
362 136
11 156
488 23
432 196
237 113
48 77
441 107
85 166
244 144
143 20
91 117
140 188
568 124
84 98
540 9
515 23
166 6
318 25
33 48
426 92
492 163
27 197
595 180
436 124
365 126
445 130
318 123
110 86
545 21
442 4
565 71
543 89
116 71
260 85
271 40
245 78
88 41
208 58
325 106
61 18
72 75
13 130
355 81
232 69
457 14
478 9
587 39
271 15
465 182
273 44
118 74
577 36
202 64
10 114
57 47
548 195
113 59
86 174
