300 350
51 3
11 19
22 18
48 15
54 10
33 1
29 6
32 13
43 15
32 13
58 3
21 15
11 5
33 18
49 3
21 15
38 4
51 2
20 8
52 13
22 13
17 6
58 4
30 3
24 18
24 9
23 18
59 15
55 8
36 15
16 10
46 13
56 12
57 17
51 17
43 19
57 11
18 4
56 15
58 20
40 10
40 2
36 5
45 16
53 8
21 20
53 5
50 14
30 6
33 16
54 9
10 4
41 15
40 7
38 6
51 8
21 2
34 13
53 19
44 2
28 9
60 16
18 3
58 14
45 8
24 20
52 8
56 16
45 20
34 10
14 10
29 8
54 5
30 5
36 11
25 10
39 6
50 16
49 12
43 18
22 12
21 10
60 5
12 8
55 9
37 14
30 6
27 15
45 7
42 8
16 10
19 4
56 9
36 20
30 18
54 3
38 7
13 4
43 12
37 20
48 1
11 13
55 10
48 16
37 20
36 12
11 7
19 11
25 20
50 10
22 16
35 2
20 6
20 1
34 2
43 14
14 20
17 14
12 4
46 9
17 11
15 13
51 8
30 7
24 10
37 11
28 6
28 3
32 17
28 12
51 8
48 18
34 14
41 17
19 19
17 14
29 12
53 5
37 6
32 8
46 12
23 2
44 1
16 13
48 3
15 3
22 19
48 1
13 19
23 18
44 11
35 12
50 20
51 5
36 10
60 18
55 9
36 3
14 12
34 1
45 17
52 19
28 13
42 16
10 10
18 7
38 5
13 16
20 20
11 20
43 11
11 13
44 9
22 9
24 3
40 10
36 11
37 5
22 1
35 5
19 4
10 10
26 1
41 19
23 9
45 20
29 5
54 1
18 12
45 10
20 18
38 4
19 12
58 6
18 15
25 3
17 18
50 11
46 2
53 1
25 6
38 2
26 17
13 9
19 16
30 15
46 4
19 15
10 10
58 20
55 16
12 18
46 16
15 15
53 1
13 6
32 20
57 17
10 7
20 8
60 8
54 3
53 13
39 18
59 16
29 19
28 6
25 10
59 2
14 20
44 1
33 7
30 3
52 16
13 7
49 12
53 13
54 20
35 20
14 11
52 6
10 8
37 19
23 7
16 8
42 3
25 1
59 14
33 12
59 11
24 8
44 13
13 5
14 10
43 4
40 19
44 20
15 16
18 17
14 15
30 3
26 14
18 1
32 17
24 13
49 2
25 14
11 17
33 9
60 11
17 6
20 17
18 8
60 11
26 2
45 8
40 18
31 1
31 8
16 4
43 1
45 20
42 20
25 9
10 5
44 1
49 10
56 17
26 15
44 20
17 8
21 3
59 4
47 13
48 14
47 4
42 17
44 7
16 19
34 12
