500 500
291 63
43 35
431 122
486 42
325 177
409 69
518 75
88 111
438 194
218 116
522 95
533 21
45 14
328 41
341 155
523 143
337 51
267 25
387 138
531 132
141 177
290 179
359 39
368 112
43 58
371 188
598 161
325 30
448 175
589 82
441 163
300 46
80 150
178 199
512 122
138 28
531 150
540 105
503 153
503 84
536 125
68 172
383 161
346 62
301 11
337 47
455 189
354 44
185 132
432 115
531 143
362 30
592 14
69 133
320 176
452 150
218 44
23 152
501 119
554 172
139 164
56 92
192 123
439 65
354 186
477 74
94 178
391 98
257 167
281 176
481 20
125 58
239 36
553 59
169 157
391 66
315 124
246 167
177 20
376 147
383 64
124 149
278 44
70 60
378 32
495 200
305 107
476 111
478 178
24 49
187 85
568 102
370 135
37 164
162 131
306 94
164 119
98 19
59 105
85 102
385 132
56 134
195 34
105 58
185 61
94 54
514 114
99 160
161 23
144 188
505 136
315 120
498 97
60 58
229 100
186 158
314 193
70 166
201 36
313 119
73 130
351 95
412 60
326 138
275 188
64 166
76 103
462 17
112 107
376 105
327 37
52 163
156 181
388 76
174 123
34 104
15 131
306 164
132 138
221 158
24 152
209 128
258 156
546 14
325 15
165 179
154 180
512 43
114 117
549 114
443 170
348 40
370 193
358 76
257 167
508 66
322 91
173 23
403 64
224 10
267 54
465 132
315 185
249 84
457 156
369 133
513 165
441 195
368 142
267 196
333 158
151 49
452 180
362 154
413 11
89 13
230 181
252 17
570 166
555 116
118 58
50 66
520 72
597 104
318 16
435 111
97 170
114 182
251 34
375 135
416 131
217 113
461 40
443 155
203 159
242 177
251 32
136 53
243 142
163 149
428 140
595 131
71 136
53 187
402 120
251 46
567 150
340 175
12 26
46 128
408 19
431 69
247 115
511 96
49 92
540 191
312 158
63 108
197 73
413 196
405 139
405 122
489 119
592 22
79 189
518 121
562 102
237 30
142 79
61 102
41 152
229 20
402 185
512 138
254 153
261 49
442 153
573 193
336 196
147 176
280 115
111 50
261 49
212 32
268 141
505 99
80 77
13 185
23 127
434 13
366 163
83 130
102 156
98 57
203 157
493 126
132 34
156 131
196 154
508 16
144 61
546 125
74 149
77 147
334 127
21 51
24 96
461 161
235 178
285 173
400 163
454 94
93 137
493 178
28 161
579 110
388 172
25 121
60 143
89 177
156 171
397 12
21 130
356 24
245 142
549 116
512 164
49 185
74 179
374 104
561 105
255 126
410 121
240 133
176 117
585 52
138 98
16 45
62 56
38 174
442 121
454 96
164 28
586 26
310 99
268 37
324 132
35 30
362 134
389 62
504 164
17 14
539 141
173 151
459 123
445 94
498 116
125 19
406 99
231 32
127 154
568 100
66 115
287 47
337 180
512 103
146 152
508 48
287 113
216 82
326 76
344 119
577 174
222 188
144 143
113 52
366 113
229 44
508 30
193 30
293 68
101 175
367 41
209 199
338 148
452 122
47 41
438 38
458 192
32 126
100 154
210 189
597 61
585 16
192 173
37 199
282 173
405 81
590 192
92 69
146 129
266 146
311 38
21 191
259 197
514 53
520 122
128 189
577 192
574 115
180 71
400 139
132 137
123 191
222 10
54 18
303 86
157 17
217 67
308 92
384 183
400 125
419 158
14 153
357 102
479 148
372 117
202 78
318 14
451 66
512 120
309 29
438 117
594 192
116 190
551 35
252 40
139 98
492 49
455 66
117 18
224 156
570 151
519 145
569 18
520 21
40 75
58 174
597 130
46 149
265 38
367 87
136 96
503 51
589 55
133 70
138 22
477 75
434 186
220 73
204 73
188 162
572 117
125 150
134 127
46 76
447 136
310 195
533 196
93 98
256 14
351 28
99 181
122 186
98 104
286 123
362 179
68 21
267 168
176 122
314 75
13 76
182 195
51 10
537 115
320 102
350 117
68 109
143 32
409 132
433 179
287 77
210 106
180 81
324 152
134 28
38 43
197 63
172 123
255 169
321 45
344 76
597 76
587 109
456 93
385 164
547 55
41 174
125 197
34 147
523 67
296 77
21 133
92 53
335 96
562 44
585 58
281 178
400 127
416 29
103 105
251 36
536 79
218 159
116 80
304 138
488 38
510 143
372 56
191 188
208 62
18 166
100 10
404 87
340 179
570 13
273 90
364 195
153 97
571 177
