700 150
57 6
24 12
26 7
52 11
25 9
24 8
29 12
11 10
22 15
4 3
30 4
34 15
56 3
39 8
6 7
11 1
47 8
33 1
48 14
27 6
44 2
5 12
17 9
14 10
54 12
22 8
29 1
45 1
19 4
24 8
54 10
33 15
24 4
38 3
31 15
35 3
17 11
15 15
3 13
54 5
40 3
33 2
18 10
15 15
57 3
45 8
35 6
33 8
60 15
16 15
21 13
30 9
17 8
14 8
38 6
58 13
48 9
13 12
57 3
16 4
57 5
47 1
54 9
20 1
51 11
53 1
60 5
44 12
20 6
14 5
25 12
15 7
22 13
57 5
16 9
27 10
13 13
60 5
23 10
49 12
15 11
13 15
42 15
25 3
39 8
13 11
2 7
50 9
41 11
20 13
14 9
25 13
34 2
23 10
33 12
46 4
23 3
51 12
33 12
20 3
18 12
54 9
11 7
31 9
34 8
56 3
39 14
47 10
24 15
50 3
59 14
54 1
16 13
4 11
4 5
14 6
1 13
54 9
26 10
13 4
37 6
16 9
23 9
8 1
41 8
37 8
60 11
6 10
43 1
31 13
55 6
12 10
39 13
5 1
48 10
21 15
27 10
35 9
27 7
48 5
48 5
53 6
5 1
5 3
38 4
42 13
18 12
3 4
47 6
55 14
26 1
6 6
28 6
20 3
32 4
48 11
39 1
31 3
54 8
28 2
39 9
8 15
34 4
1 10
33 11
57 13
53 7
22 12
24 1
23 2
41 5
6 13
46 5
34 11
22 1
46 4
54 3
36 14
47 7
37 15
3 12
23 13
5 4
46 5
1 15
44 13
19 13
24 15
28 3
23 10
34 1
17 12
54 3
43 6
6 4
22 15
8 7
15 15
7 5
20 5
50 13
18 4
3 5
10 10
6 10
38 4
44 4
35 11
22 8
27 6
32 5
17 1
8 11
21 2
2 2
2 6
39 13
19 9
24 13
54 11
8 9
3 4
3 12
8 15
20 13
4 14
36 15
20 4
15 2
11 14
55 14
52 2
21 12
2 4
48 13
53 13
52 6
30 6
59 4
52 2
54 9
43 1
17 11
5 2
19 3
36 6
40 11
55 2
43 12
47 8
58 6
45 3
12 7
7 11
45 10
4 12
2 3
17 5
14 12
15 6
20 15
57 5
8 15
2 14
27 13
33 9
46 14
36 5
13 1
19 12
23 11
3 8
22 1
52 12
47 12
47 14
39 10
12 13
53 7
53 2
19 6
60 10
43 15
55 11
14 4
53 15
14 1
37 13
50 11
45 6
24 11
23 15
11 10
31 15
44 10
26 8
6 13
1 4
36 15
39 11
37 14
32 6
4 4
43 2
15 4
15 6
35 12
16 12
2 7
24 5
45 11
6 6
39 12
55 10
36 3
39 6
39 15
14 9
60 1
58 13
28 4
22 3
9 6
60 11
38 1
52 4
13 10
1 12
29 7
14 9
26 6
8 13
24 10
23 9
2 3
23 6
18 4
51 12
53 7
3 4
20 9
44 13
56 5
55 6
2 6
30 12
50 3
9 10
39 2
42 5
11 11
39 11
21 14
37 8
25 12
24 5
13 9
54 7
6 11
16 3
59 4
44 9
57 4
56 15
39 2
12 11
45 15
30 2
53 7
5 7
35 7
29 3
21 9
29 12
36 1
34 5
35 3
1 11
12 15
13 4
5 10
49 2
39 14
24 7
41 2
3 2
51 10
6 2
37 5
3 15
17 7
3 1
31 1
37 12
23 4
30 14
3 2
3 6
57 11
23 1
28 6
23 4
45 9
48 14
37 10
24 13
40 8
45 4
30 7
22 14
19 15
36 15
23 12
16 5
45 13
50 15
12 3
2 6
43 9
39 9
29 10
46 7
44 11
50 7
18 15
8 11
60 13
20 6
18 15
30 5
47 1
6 7
39 7
2 9
24 3
19 13
21 9
40 6
36 4
59 14
60 11
5 12
11 12
24 9
31 8
51 13
31 3
36 12
34 11
52 11
15 4
9 1
19 7
25 12
19 13
28 12
26 12
6 9
27 1
8 6
17 13
58 3
50 2
10 14
28 9
40 4
54 1
30 7
39 1
2 7
3 4
60 8
60 8
28 11
30 7
53 11
60 3
60 3
37 14
30 1
16 3
20 5
23 9
34 14
35 7
58 15
17 9
51 1
5 8
51 3
2 15
19 3
42 4
50 13
52 10
37 6
41 5
48 10
59 2
9 6
60 13
26 12
2 1
47 14
52 11
19 5
33 14
13 5
40 13
17 12
13 14
10 11
42 14
35 13
4 2
58 2
59 5
19 5
33 13
48 2
6 13
49 3
51 2
56 8
32 11
34 15
52 10
8 10
27 2
23 15
26 1
46 2
25 15
16 11
51 15
6 10
51 8
52 11
53 5
45 13
34 5
3 2
34 11
9 10
26 14
14 13
55 9
38 14
30 3
54 10
53 3
22 11
43 1
42 12
51 15
14 12
14 11
59 9
51 7
6 12
11 3
10 12
58 15
36 13
46 10
18 11
26 4
32 4
57 11
22 2
23 9
19 5
2 4
54 7
3 13
18 6
43 7
42 7
18 13
5 14
58 5
12 4
2 13
22 3
36 12
53 14
33 6
4 12
14 11
17 10
34 15
23 3
12 15
8 14
7 6
30 5
31 6
42 8
36 15
11 8
50 10
57 6
13 4
56 15
54 15
5 1
14 6
47 9
29 15
42 15
47 15
15 1
45 3
25 12
60 8
12 2
24 5
39 15
17 8
54 11
40 2
16 15
53 3
37 3
35 2
42 3
11 13
11 4
17 2
21 5
9 1
50 3
53 3
48 6
41 3
39 2
16 8
28 7
45 3
54 15
48 6
14 14
48 5
43 6
27 15
34 3
5 4
55 14
34 10
3 8
39 8
5 6
34 9
50 14
51 10
15 11
12 4
50 15
17 13
23 12
36 3
27 12
33 5
15 3
42 10
53 12
51 3
11 2
14 13
15 12
58 13
29 9
3 8
60 9
58 4
8 1
51 2
19 7
44 11
3 7
51 6
11 4
8 5
25 4
4 8
53 11
12 13
2 15
6 3
1 1
7 7
32 6
47 11
10 8
50 1
46 12
48 6
31 12
60 5
58 4
