87 89
41 46
75 66
19 30
31 40
23 44
75 41
66 33
60 47
74 38
72 33
79 55
55 52
54 29
12 62
72 57
59 60
57 51
22 50
33 63
59 53
25 31
45 51
48 25
16 49
63 25
12 27
50 39
53 64
47 43
70 39
24 50
16 33
19 33
27 47
15 52
63 46
71 41
77 50
63 24
43 33
69 38
71 20
57 49
79 45
70 49
39 56
73 61
28 60
27 66
20 58
36 47
19 33
37 30
33 31
25 39
29 20
34 42
69 50
68 39
47 66
73 47
48 28
66 22
18 44
23 31
42 32
43 51
16 61
37 39
15 55
78 22
13 30
51 36
12 47
69 36
79 64
62 20
43 48
31 54
67 60
40 39
27 59
25 56
34 37
45 43
74 50
62 57
